0 1
2 3
2 4
2 5
3 6
3 7
3 8
3 9
3 10
3 11
4 11
4 12
4 13
4 14
4 15
4 16
4 17
4 18
4 19
4 20
4 21
4 22
4 23
4 24
4 25
4 26
4 27
4 28
4 29
4 30
4 31
4 32
4 33
4 34
4 35
4 36
4 37
4 38
4 39
4 40
4 41
4 42
4 43
4 44
4 45
4 46
4 47
4 48
5 10
5 11
5 14
5 20
5 22
5 24
5 25
5 29
5 31
5 36
5 39
5 47
5 49
5 50
5 51
5 52
5 53
5 54
5 55
5 56
5 57
5 58
5 59
5 60
5 61
5 62
5 63
5 64
5 65
5 66
5 67
5 68
5 69
5 70
6 71
6 72
7 0
7 6
7 19
7 50
7 73
7 74
7 75
7 76
7 77
7 78
7 79
7 80
7 81
7 82
7 83
7 84
7 85
7 86
7 87
7 88
7 89
7 90
7 91
7 92
7 93
8 50
9 8
9 50
9 94
9 95
10 96
10 97
10 98
10 99
12 5
12 7
12 100
12 101
12 102
14 15
14 26
14 31
14 32
14 103
14 104
14 105
16 5
16 6
16 71
16 101
16 102
16 106
16 107
16 108
16 109
20 7
20 8
20 9
20 110
20 111
20 101
20 102
21 7
21 20
24 8
24 110
24 101
24 112
24 113
24 114
24 115
24 116
28 37
28 38
28 117
29 118
30 119
31 26
31 32
31 104
32 26
32 46
32 105
33 5
33 101
33 102
34 5
34 101
35 7
38 37
40 101
41 120
41 121
42 122
42 123
45 7
45 124
47 8
52 54
52 55
52 56
52 57
52 58
52 59
52 125
53 52
53 54
53 57
53 60
53 61
53 126
54 55
56 55
56 57
56 58
56 59
56 125
57 54
57 55
57 58
57 59
58 54
58 55
58 59
59 54
59 55
61 60
62 52
62 54
62 55
62 56
62 57
62 58
62 59
62 125
63 64
63 127
65 99
66 100
67 49
70 128
129 3
129 6
129 130
129 131
130 7
130 8
130 9
130 10
130 22
73 74
74 0
74 1
74 19
74 75
74 132
74 133
74 76
135 7
135 136
135 137
136 3
136 20
136 50
136 110
136 111
136 138
136 139
136 140
136 141
136 142
136 77
136 78
136 79
136 143
136 144
136 80
136 145
136 146
136 147
136 148
136 149
136 150
136 151
136 152
136 153
136 154
136 155
136 156
136 157
136 158
137 7
137 19
137 20
137 22
137 50
137 73
137 75
137 110
137 111
137 78
137 79
137 143
137 80
137 147
137 149
137 150
137 81
137 86
137 87
137 88
137 89
137 91
137 93
137 159
137 160
137 161
137 162
137 163
137 164
110 7
110 8
110 9
110 65
110 130
110 139
110 79
110 83
110 120
110 108
110 165
110 166
110 114
110 167
110 168
110 169
110 170
138 8
138 9
138 67
138 137
139 7
140 7
140 9
140 110
140 171
140 172
140 173
140 174
141 7
141 137
141 110
141 175
142 7
142 176
144 7
144 137
80 78
145 7
145 110
146 137
147 7
148 7
148 110
151 7
151 137
153 111
154 3
154 6
156 7
156 137
157 77
158 137
158 119
159 7
160 101
160 96
160 97
161 7
161 110
162 7
162 74
163 7
163 74
164 7
100 0
100 3
100 8
100 9
100 20
100 22
100 50
100 69
100 72
100 74
100 84
100 161
100 177
100 178
100 179
100 180
100 181
100 182
100 183
100 94
100 184
100 185
100 186
100 187
100 188
100 189
100 190
101 0
101 18
101 19
101 25
101 49
101 74
101 106
101 107
102 0
102 6
102 19
102 74
102 191
102 192
102 193
102 194
178 7
180 7
181 6
181 72
182 23
183 10
184 7
184 9
185 7
186 195
187 177
187 196
187 197
187 198
189 7
190 199
106 200
202 203
203 8
203 9
203 28
203 204
204 3
204 8
204 9
204 20
204 50
204 130
204 110
204 100
204 94
204 205
204 176
206 4
206 13
206 14
206 15
206 103
206 207
206 208
206 209
206 210
103 13
103 211
103 120
207 15
207 210
207 212
208 15
209 15
210 13
210 14
210 15
210 103
210 213
211 15
211 120
120 13
212 120
214 215
214 216
214 217
214 218
214 219
217 4
217 7
217 136
217 137
217 110
217 220
220 3
220 5
220 12
220 20
220 21
220 22
220 23
220 24
220 49
220 51
220 52
220 53
220 54
220 55
220 56
220 57
220 58
220 59
220 60
220 61
220 62
220 129
220 130
220 137
220 138
220 139
220 82
220 160
220 178
220 180
220 221
220 222
220 223
220 224
220 225
220 226
220 227
220 96
220 228
220 229
220 230
220 231
220 97
220 232
220 233
220 234
235 236
236 237
236 238
237 239
237 240
237 241
243 103
243 210
243 211
243 220
243 126
243 244
126 52
126 56
126 57
126 58
126 59
126 60
126 61
126 62
244 5
244 10
244 179
244 245
244 246
244 112
244 247
221 7
221 201
222 7
222 71
222 100
222 178
222 228
223 23
223 182
224 5
224 52
224 54
224 55
224 56
224 57
224 58
224 59
224 62
224 126
224 232
224 121
224 125
224 248
226 16
226 249
226 250
228 7
228 71
228 100
228 178
229 7
229 233
230 4
230 18
230 24
230 67
230 159
230 121
230 251
231 7
231 252
231 253
97 96
232 5
232 54
232 55
232 56
232 57
232 58
232 59
232 62
232 121
232 125
232 248
246 96
246 97
246 112
246 254
112 255
112 170
196 177
257 4
257 5
257 16
257 101
257 102
257 178
257 258
258 6
258 16
258 71
258 222
258 226
258 113
113 50
113 65
113 71
113 259
108 260
109 101
262 7
263 137
265 17
128 7
128 101
266 100
266 177
266 267
267 177
268 18
114 65
114 165
168 7
272 7
272 136
272 273
272 274
273 274
273 275
276 277
277 92
278 7
121 52
121 53
121 54
121 55
121 56
121 57
121 58
121 59
121 60
121 61
121 62
121 126
121 114
125 55
125 57
125 58
125 59
248 52
248 53
248 55
248 56
248 57
248 59
248 62
248 98
251 116
116 110
116 160
197 177
279 136
279 280
280 136
281 140
281 171
173 9
283 7
283 136
283 137
283 110
283 141
283 175
284 182
285 7
285 101
285 220
205 5
205 7
205 8
205 9
205 136
205 137
205 110
205 142
205 100
205 102
205 113
205 176
176 7
176 8
176 9
176 286
288 5
288 220
289 290
290 10
290 137
290 291
290 292
290 293
290 294
290 295
291 237
291 239
291 296
291 297
291 298
291 299
293 292
293 294
295 110
300 7
300 301
300 302
300 303
302 301
303 301
304 305
305 306
306 118
307 102
309 10
309 310
310 10
311 312
312 237
313 111
314 7
314 137
316 239
317 318
317 319
318 237
318 291
318 239
318 320
318 321
318 322
320 237
320 242
320 291
320 239
320 323
320 296
320 324
326 7
326 136
326 77
329 29
118 330
331 180
119 18
332 333
334 141
335 4
335 5
335 101
335 102
335 336
335 337
336 2
336 3
336 6
336 11
336 12
336 16
336 18
336 20
336 29
336 30
336 33
336 34
336 36
336 37
336 38
336 39
336 63
336 107
336 223
336 257
336 268
336 119
336 338
336 339
336 340
336 341
336 342
337 4
337 5
337 7
337 9
337 12
337 13
337 16
337 20
337 23
337 28
337 33
337 34
337 47
337 50
337 63
337 65
337 70
337 129
337 130
337 136
337 137
337 110
337 84
337 90
337 100
337 101
337 102
337 177
337 179
337 106
337 206
337 220
337 257
337 113
337 261
337 259
337 336
337 343
337 344
337 345
337 346
337 347
338 3
338 4
338 5
338 11
338 339
339 3
339 10
339 11
341 7
341 18
341 22
341 130
341 268
341 348
343 113
345 101
345 102
347 261
349 23
349 100
349 182
349 220
349 223
349 284
349 350
351 5
352 100
354 7
354 137
355 102
355 356
355 357
356 41
357 3
357 4
357 6
357 12
357 14
357 16
357 20
357 26
357 29
357 31
357 32
357 33
357 46
357 66
357 79
357 257
357 171
357 173
357 335
357 337
357 358
357 359
359 4
359 14
359 32
362 7
362 100
260 237
260 363
364 0
364 1
364 7
364 19
364 73
364 74
364 75
364 132
364 133
364 162
364 163
364 100
364 101
364 102
364 365
364 366
364 367
364 368
364 369
364 370
364 371
364 372
364 373
364 374
364 375
364 376
364 377
365 74
365 373
366 74
367 74
368 74
369 7
369 74
369 137
370 74
371 74
372 7
372 74
372 137
373 74
373 132
374 74
375 74
376 74
377 74
377 376
378 323
379 240
380 140
380 171
381 382
381 383
381 384
381 385
382 383
382 384
383 102
383 384
384 386
384 387
385 102
385 384
386 193
387 193
389 390
391 3
391 71
391 101
391 258
391 113
391 339
393 3
393 110
394 291
395 282
395 396
396 390
397 237
397 291
397 318
397 320
397 296
398 160
348 10
399 82
400 4
400 5
400 101
400 102
400 336
400 337
400 357
400 401
401 0
401 6
401 12
401 16
401 20
401 33
401 74
401 102
401 192
401 193
401 257
401 205
401 307
401 335
401 337
401 345
401 355
401 364
401 383
401 385
401 402
401 403
401 404
401 405
401 406
402 102
403 102
403 121
404 4
404 5
404 7
404 16
404 129
404 137
404 100
404 101
404 102
404 220
404 258
404 336
404 337
405 4
405 5
405 102
406 0
406 1
406 7
406 19
406 73
406 74
406 75
406 132
406 133
406 76
406 162
406 163
406 100
406 101
406 102
406 364
406 365
406 366
406 367
406 368
406 369
406 371
406 372
406 373
406 374
406 375
406 376
406 377
407 10
409 237
409 410
409 411
412 102
413 12
414 7
415 16
415 24
415 113
415 337
416 241
420 102
420 402
422 242
422 325
422 423
424 7
424 100
426 136
427 7
427 137
428 7
428 110
429 422
430 131
430 126
430 431
431 129
432 177
435 296
437 7
437 438
441 226
442 5
443 7
443 110
443 168
444 260
445 394
448 5
449 5
451 130
451 328
452 7
452 137
453 101
453 308
453 339
453 341
454 82
455 7
455 137
456 301
459 4
459 5
459 16
459 101
459 102
459 178
459 228
459 257
459 336
459 337
459 357
459 401
460 461
461 237
461 462
463 318
463 464
465 454
466 5
466 10
466 110
466 121
467 267
468 7
469 226
469 250
471 100
472 119
473 312
474 137
474 101
478 110
479 180
480 100
480 186
480 195
482 5
482 53
482 59
482 60
482 61
482 220
482 126
482 483
483 5
483 52
483 53
483 55
483 56
483 59
483 60
483 61
483 62
483 220
483 126
483 224
483 232
483 121
483 125
484 7
484 110
484 408
486 237
487 68
488 300
488 301
489 113
492 209
493 494
494 32
494 389
494 395
494 396
495 15
496 244
496 327
496 497
497 485
498 7
498 137
500 7
500 136
500 137
501 110
502 7
502 137
503 20
503 110
503 92
504 23
504 100
504 182
504 223
504 349
505 92
505 277
505 506
507 7
507 136
507 137
508 280
510 3
511 129
511 357
512 121
514 100
516 242
517 30
517 65
517 114
518 242
519 489
521 237
522 320
522 513
522 523
524 110
525 7
525 137
526 100
527 7
527 77
527 157
527 528
528 77
528 157
529 5
529 110
530 7
531 242
531 450
532 429
533 7
533 136
533 142
533 205
533 286
534 126
535 237
535 536
537 74
537 364
537 406
538 7
538 136
540 148
541 237
542 0
542 3
542 6
542 7
542 8
542 9
542 12
542 20
542 21
542 22
542 42
542 49
542 130
542 74
542 137
542 139
542 140
542 141
542 77
542 79
542 143
542 150
542 84
542 100
542 178
542 180
542 183
542 190
542 204
542 217
542 222
542 226
542 227
542 228
542 229
542 233
542 271
542 283
542 285
542 290
542 291
542 292
542 293
542 294
542 300
542 309
542 326
542 118
542 337
542 349
542 352
542 364
542 404
542 406
542 407
542 417
542 474
542 477
542 504
542 514
542 519
542 527
542 530
542 543
542 544
542 545
542 546
542 547
542 548
542 549
542 550
542 551
542 552
542 553
542 554
544 36
545 190
546 130
546 110
546 184
546 544
547 7
547 8
547 9
547 136
547 100
547 204
547 220
547 244
547 550
547 551
548 7
548 153
548 100
548 220
548 550
549 7
549 136
549 137
549 110
549 141
549 175
550 3
550 20
550 50
550 110
550 111
550 138
550 141
550 79
550 143
550 145
550 146
550 149
550 150
550 158
550 184
550 217
550 229
550 233
550 283
550 205
550 295
550 99
550 337
550 443
550 458
550 484
550 503
550 546
550 549
550 555
550 556
551 3
551 8
551 9
551 20
551 50
551 130
551 110
551 138
551 146
551 100
551 184
551 203
551 204
551 205
551 176
551 337
552 10
553 7
553 100
553 440
554 4
554 7
554 136
554 137
554 101
554 214
554 217
554 218
554 220
554 332
554 433
554 491
554 509
554 550
557 177
557 196
557 432
558 318
558 559
560 4
560 270
560 360
561 110
562 14
562 15
562 563
564 276
564 505
564 565
565 92
566 5
566 220
569 221
570 141
570 175
573 160
574 14
574 31
574 32
575 47
577 7
577 136
578 4
578 5
578 7
579 461
580 110
581 291
583 25
584 237
585 342
586 7
586 137
587 4
587 16
587 101
587 336
587 337
589 14
589 137
589 244
589 96
589 97
589 246
589 112
589 248
589 99
589 254
589 590
589 591
593 312
595 291
595 434
596 169
596 254
597 5
597 52
597 55
597 220
597 126
597 121
598 312
599 161
600 472
601 94
602 7
602 603
603 7
604 381
604 382
604 383
604 384
604 385
605 96
605 97
606 7
606 475
608 99
609 15
610 237
611 239
612 5
612 68
612 487
613 291
614 7
614 142
614 205
614 286
615 7
615 137
616 291
616 457
617 170
619 8
619 9
619 204
619 220
619 243
619 476
619 515
619 551
619 620
621 137
621 110
621 220
622 67
622 121
623 4
623 7
623 74
623 137
623 101
623 102
623 364
623 406
624 74
624 364
624 406
625 63
625 127
626 5
627 110
627 100
628 7
629 461
630 387
632 336
632 340
632 342
632 585
633 244
633 112
633 247
633 255
633 606